&unitSpecification
  units = "SI"
  ! Should be SI, for now.
  ! Other units may be supported later
/

&speciesMass
  e = 9.10938356d-31
  H = 1.673823232368d-27
  D = 3.349854702d-27
  T = 5.008267084250913d-27
  HD = 2.511838967184e-27
  DT = 4.17906089312546d-27
  !He4
  He = 6.644657230d-27 
  !Li7
  Li = 1.1650349460092631e-26 
  Be = 1.4965079306243405d-26
  C = 1.9926467051999998d-26
  N = 2.325264939861374e-26
  Ne = 3.3509179665487996e-26
/

&speciesCharge
  e = -1.602176565d-19
  H = 1.602176565d-19
  D = 1.602176565d-19
  T = 1.602176565d-19
  HD = 1.602176565d-19
  DT = 1.602176565d-19
  He = 3.20435313d-19
  Li = 4.806529862400001e-19
  Be = 6.40870626d-19
  C = 9.61305939d-19
  N = 1.1215235955d-18
  Ne = 1.602176565d-18
/
