&unitSpecification
  units = "SI"
  ! Should be SI, for now.
  ! Other units may be supported later
/

&speciesMass
  e = 9.10938356d-31
  H = 1.673823232368d-27
  D = 3.349854702d-27
  T = 5.008267084250913d-27
  HD = 2.511838967184d-27
  DT = 4.17906089312546d-27
  !He4
  He = 6.644657230d-27 
  !Li7
  Li = 1.1650349460092631d-26 
  Be = 1.4965079306243405d-26
  C = 1.9926467051999998d-26
  O = 2.6566964100959996d-26
  O6 = 2.6566964100959996d-26
  O7 = 2.6566053162604d-26
  N = 2.325264939861374d-26
  Ne = 3.3509179665487996d-26
  Fe16 = 9.266325326d-26
  W63 = 3.052734971136d-25
  W45 = 3.052734971136d-25
/

&speciesCharge
  e = -1.602176565d-19
  H = 1.602176565d-19
  D = 1.602176565d-19
  T = 1.602176565d-19
  HD = 1.602176565d-19
  DT = 1.602176565d-19
  He = 3.20435313d-19
  Li = 4.806529862400001d-19
  Be = 6.40870626d-19
  C = 9.61305939d-19
  O6 = 9.61305939d-19
  O7 = 1.12152363456d-18
  O = 1.28174129664d-18
  N = 1.1215235955d-18
  Ne = 1.602176565d-18
  Fe16 = 2.563482592d-18
  W63 = 1.0093712711040001d-17
  W45 = 7.209794793600001d-18
/
